   site    n  bias  median  rmse  nmad  within1  within2  tall
    bsu  407 -0.65   -0.27  1.67  1.28    61.92    78.13 23.59
   clsu  860  0.26    0.13  0.76  0.41    87.56    96.51 10.93
    cmu  366  0.35    0.53  1.25  0.79    69.13    96.17 16.94
    ctu  544 -0.45   -0.17  3.90  1.16    53.68    75.55 22.24
   dlsu  237  0.01    0.85  5.34  1.50    43.46    66.24 51.48
feutech  633  1.13    2.12  4.60  1.24    11.53    36.33 62.24
    jru  429  0.62    1.30  3.52  1.47    30.07    62.24 38.69
   llcc 1810 -0.05    0.06  1.19  0.59    83.76    98.12  7.02
  mapua  747  1.09    1.99  4.70  1.52    12.32    39.76 50.74
    mcc  834 -0.66    0.04  3.68  1.31    58.63    82.01 10.31
 msuiit  949  0.36    0.50  1.36  0.64    72.08    92.52 19.07
    plp  438  0.63    0.90  1.70  0.94    47.95    89.04 25.57
    ptc  599  0.16    0.70  2.80  0.93    49.75    84.31 28.71
    pup  499  0.78    1.30  2.75  1.36    32.87    64.13 32.67
    qcu  965 -0.16    0.03  2.79  1.95    40.52    67.46 21.24
    sti  268 -1.52    0.20  9.32  1.81    40.30    70.15 41.79
     tv  656  0.82    1.08  3.01  1.51    37.50    64.33 50.00
    udm  771  1.12    2.06  4.70  1.43    11.41    38.13 51.10
   umak  346 -2.14   -0.37 10.22  2.32    38.44    63.01 39.02
    upc  927 -0.07    1.08  5.89  1.56    31.18    67.75 37.32
    upd  443  0.36    0.80  4.73  2.49    32.51    52.82 58.69
   uplb 1042  1.37    1.14  3.18  1.25    40.21    67.85 29.27
    usc  529  1.19    1.26  5.41  3.84    17.96    37.62 34.59
    ust  601  1.38    2.21  4.66  1.11     1.66    36.11 58.07
   ustp 1086  0.31    0.74  3.09  0.79    54.05    83.89 26.52
     xu  950  0.44    1.03  3.33  0.73    38.95    79.47 33.37

ALL 17936 segments, 26 campuses: bias +0.33  median +0.66  RMSE 3.88  NMAD 1.39  <1m 46%  <2m 72%
